Bounds: -50 200 -50 200
Obstacle: 119 58 142 58 142 106 119 106 
Obstacle: 51.56889 28.08013 18.22078 25.01188 1.997372 16.23886 1.0228 -11.53363 7.117611 -26.36554 32.80059 -5.424977 
Obstacle: 95.3654 82.23043 93.88793 108.7807 64.87276 90.99045 47.83449 79.98115 65.18202 64.31258 89.22043 21.89104 80.18075 76.65063 
