Bounds: -50 150 -50 250
Obstacle: 27.39828 137.6929 31.45639 194.1991 -14.20818 198.3311 -12.54559 177.0551 -26.20993 136.6976 -10.79284 117.706 7.802401 90.91985 43.74073 88.20293 65.11032 113.0774 
Obstacle: 142.2931 87.73925 91.09218 90.37045 82.39074 50.49293 71.3957 26.22749 99.41949 30.80289 142.5898 16.25214 
Obstacle: 47 192 62 192 62 202 47 202 
Obstacle: 45 2 116 2 116 8 45 8 
